[0.0, 97.0, 205.0, 139.0, 86.0, 60.0, 220.0, 65.0, 111.0, 115.0, 227.0, 95.0, 82.0, 225.0, -1.0, -1.0, 266.0, -1.0, -1.0, 120.0, -1.0, 257.0, -1.0, 52.0, -1.0, -1.0, -1.0, -1.0, -1.0 
0.0, 0.0, 129.0, 103.0, -1.0, 105.0, 258.0, 154.0, 112.0, 65.0, 204.0, 150.0, 87.0, 176.0, 137.0, 142.0, 204.0, -1.0, 148.0, 49.0, -1.0, 211.0, -1.0, -1.0, -1.0, -1.0, -1.0, -1.0, -1.0 
0.0, 0.0, 0.0, 219.0, 125.0, 175.0, 386.0, -1.0, 134.0, 184.0, -1.0, 201.0, 215.0, 267.0, 248.0, 271.0, 274.0, -1.0, 272.0, -1.0, 151.0, -1.0, 350.0, -1.0, -1.0, 78.0, -1.0, -1.0, -1.0 
0.0, 0.0, 0.0, 0.0, 167.0, 182.0, 180.0, 162.0, 208.0, 39.0, 102.0, 227.0, 60.0, 86.0, 34.0, 96.0, 129.0, 69.0, 58.0, 60.0, 120.0, -1.0, 192.0, 114.0, -1.0, 192.0, 136.0, -1.0, -1.0 
0.0, 0.0, 0.0, 0.0, 0.0, 51.0, 296.0, -1.0, 42.0, 131.0, 268.0, -1.0, 131.0, 245.0, 201.0, 175.0, 275.0, 218.0, 202.0, -1.0, 50.0, 281.0, -1.0, -1.0, 244.0, -1.0, -1.0, 95.0, 69.0 
0.0, 0.0, 0.0, 0.0, 0.0, 0.0, 279.0, 114.0, 56.0, 150.0, 278.0, 46.0, 133.0, 266.0, 214.0, 162.0, 302.0, -1.0, 203.0, 146.0, -1.0, 300.0, -1.0, -1.0, -1.0, 98.0, 139.0, -1.0, -1.0 
0.0, 0.0, 0.0, 0.0, 0.0, 0.0, 0.0, 178.0, 328.0, 206.0, 147.0, 308.0, 172.0, 203.0, 165.0, 121.0, 251.0, 216.0, 122.0, 231.0, 249.0, 209.0, 111.0, -1.0, 72.0, 338.0, 144.0, -1.0, -1.0 
0.0, 0.0, 0.0, 0.0, 0.0, 0.0, 0.0, 0.0, 169.0, 151.0, 227.0, 133.0, -1.0, 242.0, -1.0, 84.0, -1.0, 230.0, 146.0, 165.0, -1.0, 270.0, 91.0, 48.0, 158.0, 200.0, 39.0, 64.0, -1.0 
0.0, 0.0, 0.0, 0.0, 0.0, 0.0, 0.0, 0.0, 0.0, 172.0, 309.0, 68.0, 169.0, 286.0, 242.0, 208.0, -1.0, 259.0, 240.0, 160.0, 90.0, 322.0, 260.0, 160.0, -1.0, 57.0, 192.0, 107.0, -1.0 
0.0, 0.0, 0.0, 0.0, 0.0, 0.0, 0.0, 0.0, 0.0, 0.0, 140.0, 195.0, 51.0, 117.0, 72.0, -1.0, 153.0, 93.0, 88.0, 25.0, 85.0, 152.0, -1.0, -1.0, 139.0, -1.0, 134.0, -1.0, 135.0 
0.0, 0.0, 0.0, 0.0, 0.0, 0.0, 0.0, 0.0, 0.0, 0.0, 0.0, -1.0, 146.0, 64.0, 68.0, 143.0, 106.0, 88.0, -1.0, 159.0, -1.0, 63.0, 216.0, 187.0, 88.0, -1.0, 191.0, 258.0, -1.0 
0.0, 0.0, 0.0, 0.0, 0.0, 0.0, 0.0, 0.0, 0.0, 0.0, 0.0, 0.0, 174.0, 311.0, 258.0, 196.0, 347.0, 288.0, 243.0, 192.0, 113.0, 345.0, -1.0, 144.0, 274.0, 124.0, 165.0, 71.0, -1.0 
0.0, 0.0, 0.0, 0.0, 0.0, 0.0, 0.0, 0.0, 0.0, 0.0, 0.0, 0.0, 0.0, 144.0, 86.0, 57.0, 189.0, 128.0, 71.0, 71.0, 82.0, 176.0, 150.0, 56.0, 114.0, -1.0, 83.0, 115.0, 160.0 
0.0, 0.0, 0.0, 0.0, 0.0, 0.0, 0.0, 0.0, 0.0, 0.0, 0.0, 0.0, 0.0, 0.0, 61.0, 165.0, 51.0, 32.0, 105.0, 127.0, 201.0, -1.0, 254.0, 196.0, 136.0, -1.0, 212.0, 258.0, -1.0 
0.0, 0.0, 0.0, 0.0, 0.0, 0.0, 0.0, 0.0, 0.0, 0.0, 0.0, 0.0, 0.0, 0.0, 0.0, 106.0, 110.0, -1.0, 49.0, 91.0, 153.0, 91.0, 197.0, 136.0, 94.0, 225.0, 151.0, 201.0, 205.0 
0.0, 0.0, 0.0, 0.0, 0.0, 0.0, 0.0, 0.0, 0.0, 0.0, 0.0, 0.0, 0.0, 0.0, 0.0, 0.0, 215.0, 159.0, 64.0, 126.0, -1.0, 190.0, 98.0, 53.0, 78.0, 218.0, 48.0, -1.0, -1.0 
0.0, 0.0, 0.0, 0.0, 0.0, 0.0, 0.0, 0.0, 0.0, 0.0, 0.0, 0.0, 0.0, 0.0, 0.0, 0.0, 0.0, 61.0, 155.0, 157.0, 235.0, 47.0, 305.0, -1.0, 186.0, 282.0, 261.0, 300.0, 252.0 
0.0, 0.0, 0.0, 0.0, 0.0, 0.0, 0.0, 0.0, 0.0, 0.0, 0.0, 0.0, 0.0, 0.0, 0.0, 0.0, 0.0, 0.0, 105.0, 100.0, 176.0, 66.0, 253.0, 183.0, 146.0, 231.0, 203.0, 239.0, 204.0 
0.0, 0.0, 0.0, 0.0, 0.0, 0.0, 0.0, 0.0, 0.0, 0.0, 0.0, 0.0, 0.0, 0.0, 0.0, 0.0, 0.0, 0.0, 0.0, 113.0, 152.0, 127.0, 150.0, 106.0, 52.0, 235.0, 112.0, 179.0, 221.0 
0.0, 0.0, 0.0, 0.0, 0.0, 0.0, 0.0, 0.0, 0.0, 0.0, 0.0, 0.0, 0.0, 0.0, 0.0, 0.0, 0.0, 0.0, 0.0, 0.0, 79.0, 163.0, -1.0, 119.0, 164.0, -1.0, 152.0, 153.0, 114.0 
0.0, 0.0, 0.0, 0.0, 0.0, 0.0, 0.0, 0.0, 0.0, 0.0, 0.0, 0.0, 0.0, 0.0, 0.0, 0.0, 0.0, 0.0, 0.0, 0.0, 0.0, 236.0, 201.0, 90.0, 195.0, 90.0, 127.0, 84.0, 91.0 
0.0, 0.0, 0.0, 0.0, 0.0, 0.0, 0.0, 0.0, 0.0, 0.0, 0.0, 0.0, 0.0, 0.0, 0.0, 0.0, 0.0, 0.0, 0.0, 0.0, 0.0, 0.0, 273.0, 226.0, 148.0, 296.0, 238.0, 291.0, 269.0 
0.0, 0.0, 0.0, 0.0, 0.0, 0.0, 0.0, 0.0, 0.0, 0.0, 0.0, 0.0, 0.0, 0.0, 0.0, 0.0, 0.0, 0.0, 0.0, 0.0, 0.0, 0.0, 0.0, 112.0, 130.0, 286.0, 74.0, 155.0, 291.0 
0.0, 0.0, 0.0, 0.0, 0.0, 0.0, 0.0, 0.0, 0.0, 0.0, 0.0, 0.0, 0.0, 0.0, 0.0, 0.0, 0.0, 0.0, 0.0, 0.0, 0.0, 0.0, 0.0, 0.0, 130.0, 178.0, 38.0, 75.0, 180.0 
0.0, 0.0, 0.0, 0.0, 0.0, 0.0, 0.0, 0.0, 0.0, 0.0, 0.0, 0.0, 0.0, 0.0, 0.0, 0.0, 0.0, 0.0, 0.0, 0.0, 0.0, 0.0, 0.0, 0.0, 0.0, 281.0, 120.0, 205.0, 270.0 
0.0, 0.0, 0.0, 0.0, 0.0, 0.0, 0.0, 0.0, 0.0, 0.0, 0.0, 0.0, 0.0, 0.0, 0.0, 0.0, 0.0, 0.0, 0.0, 0.0, 0.0, 0.0, 0.0, 0.0, 0.0, 0.0, 213.0, 145.0, 36.0 
0.0, 0.0, 0.0, 0.0, 0.0, 0.0, 0.0, 0.0, 0.0, 0.0, 0.0, 0.0, 0.0, 0.0, 0.0, 0.0, 0.0, 0.0, 0.0, 0.0, 0.0, 0.0, 0.0, 0.0, 0.0, 0.0, 0.0, 94.0, 217.0 
0.0, 0.0, 0.0, 0.0, 0.0, 0.0, 0.0, 0.0, 0.0, 0.0, 0.0, 0.0, 0.0, 0.0, 0.0, 0.0, 0.0, 0.0, 0.0, 0.0, 0.0, 0.0, 0.0, 0.0, 0.0, 0.0, 0.0, 0.0, 162.0 
0.0, 0.0, 0.0, 0.0, 0.0, 0.0, 0.0, 0.0, 0.0, 0.0, 0.0, 0.0, 0.0, 0.0, 0.0, 0.0, 0.0, 0.0, 0.0, 0.0, 0.0, 0.0, 0.0, 0.0, 0.0, 0.0, 0.0, 0.0, 0.0 
]
Solução inicial: Path: [8, 5, 8, 4, 5, 4, 5, 11, 5, 4, 8, 4, 20, 19, 1, 19, 9, 19, 12, 23, 12, 15, 18, 12, 23, 26, 22, 26, 15, 26, 15, 24, 6, 24, 15, 18, 24, 6, 24, 15, 12, 19, 12, 18, 15, 26, 22, 26, 15, 12, 23, 0, 5, 0, 5, 8, 25, 8, 11, 8, 5, 0, 5, 8, 11, 27, 11, 8, 11, 27, 7, 27, 7, 27, 11, 27, 7, 26, 7, 26, 22, 26, 7, 23, 12, 23, 12, 18, 24, 15, 26, 7, 27, 7, 23, 0, 23, 7, 0, 7, 26, 7, 27, 11, 5, 11, 27, 11, 8, 25, 2, 25, 8, 4, 8, 25, 8, 4, 5, 11, 5, 4, 20, 4, 20, 4, 8, 25, 2, 25, 8, 11, 5, 0, 23, 15, 12, 23, 27, 23, 26, 22, 26, 23, 26, 22, 26, 22, 26, 15, 12, 3, 17, 3, 12, 15, 24, 18, 12, 18, 24, 18, 3, 17, 13, 16]. PathLength: 9653.0
HillClimbing simples:
Solução 0: Path: [8, 4, 20, 19, 3, 17, 16]. PathLength: 361.0
Solução 1: Path: [8, 5, 4, 20, 19, 3, 17, 16]. PathLength: 426.0
Solução 2: Path: [8, 5, 4, 20, 19, 3, 17, 16]. PathLength: 426.0
Solução 3: Path: [8, 5, 0, 23, 12, 19, 3, 17, 16]. PathLength: 485.0
Solução 4: Path: [8, 4, 20, 19, 3, 17, 16]. PathLength: 361.0
Solução 5: Path: [8, 4, 20, 19, 3, 17, 16]. PathLength: 361.0
Solução 6: Path: [8, 5, 8, 4, 20, 19, 3, 17, 16]. PathLength: 473.0
Solução 7: Path: [8, 5, 8, 4, 20, 19, 9, 3, 17, 16]. PathLength: 477.0
Solução 8: Path: [8, 5, 8, 4, 20, 19, 3, 17, 16]. PathLength: 473.0
Solução 9: Path: [8, 25, 8, 4, 20, 4, 20, 19, 3, 17, 16]. PathLength: 575.0
Solução 10: Path: [8, 4, 20, 19, 3, 17, 16]. PathLength: 361.0
Solução 11: Path: [8, 5, 8, 4, 20, 19, 9, 3, 17, 16]. PathLength: 477.0
Solução 12: Path: [8, 5, 8, 4, 20, 19, 3, 17, 16]. PathLength: 473.0
Solução 13: Path: [8, 5, 8, 4, 20, 19, 3, 17, 16]. PathLength: 473.0
Solução 14: Path: [8, 4, 8, 11, 27, 23, 12, 3, 17, 16]. PathLength: 544.0
Solução 15: Path: [8, 5, 8, 4, 20, 19, 3, 17, 16]. PathLength: 473.0
Solução 16: Path: [8, 5, 0, 7, 23, 12, 3, 17, 16]. PathLength: 475.0
Solução 17: Path: [8, 4, 20, 19, 3, 17, 16]. PathLength: 361.0
Solução 18: Path: [8, 5, 0, 23, 12, 3, 17, 16]. PathLength: 414.0
Solução 19: Path: [8, 25, 8, 4, 20, 19, 3, 17, 16]. PathLength: 475.0
HillClimbing SteepestAscent:
Solução 0: Path: [8, 4, 20, 19, 3, 17, 16]. PathLength: 361.0
Solução 1: Path: [8, 5, 8, 4, 8, 4, 20, 19, 3, 17, 16]. PathLength: 557.0
Solução 2: Path: [8, 11, 27, 7, 26, 23, 12, 3, 17, 16]. PathLength: 526.0
Solução 3: Path: [8, 5, 4, 20, 19, 9, 19, 3, 17, 16]. PathLength: 476.0
Solução 4: Path: [8, 4, 20, 19, 3, 17, 16]. PathLength: 361.0
Solução 5: Path: [8, 4, 20, 19, 3, 17, 16]. PathLength: 361.0
Solução 6: Path: [8, 5, 0, 23, 15, 18, 14, 13, 16]. PathLength: 446.0
Solução 7: Path: [8, 5, 0, 23, 12, 3, 17, 16]. PathLength: 414.0
Solução 8: Path: [8, 4, 20, 19, 3, 17, 16]. PathLength: 361.0
Solução 9: Path: [8, 5, 0, 5, 4, 20, 19, 9, 3, 17, 16]. PathLength: 550.0
Solução 10: Path: [8, 5, 11, 8, 4, 20, 19, 3, 17, 16]. PathLength: 531.0
Solução 11: Path: [8, 5, 8, 4, 20, 19, 3, 17, 16]. PathLength: 473.0
Solução 12: Path: [8, 25, 8, 4, 20, 19, 3, 17, 16]. PathLength: 475.0
Solução 13: Path: [8, 4, 20, 19, 3, 17, 16]. PathLength: 361.0
Solução 14: Path: [8, 4, 20, 19, 3, 17, 16]. PathLength: 361.0
Solução 15: Path: [8, 4, 20, 19, 3, 17, 16]. PathLength: 361.0
Solução 16: Path: [8, 5, 4, 20, 19, 3, 17, 16]. PathLength: 426.0
Solução 17: Path: [8, 4, 20, 19, 3, 17, 16]. PathLength: 361.0
Solução 18: Path: [8, 5, 8, 4, 20, 19, 3, 14, 13, 16]. PathLength: 489.0
Solução 19: Path: [8, 5, 0, 23, 12, 9, 3, 17, 16]. PathLength: 444.0
HillClimbing SteepestAscentHCWithReplacement:
Solução 0: Path: [8, 4, 20, 19, 12, 3, 17, 16]. PathLength: 432.0
Solução 1: Path: [8, 25, 2, 25, 8, 4, 20, 19, 3, 17, 16]. PathLength: 631.0
Solução 2: Path: [8, 5, 0, 7, 23, 12, 3, 17, 16]. PathLength: 475.0
Solução 3: Path: [8, 11, 5, 4, 20, 19, 3, 17, 16]. PathLength: 484.0
Solução 4: Path: [8, 5, 8, 4, 20, 4, 20, 19, 9, 19, 3, 17, 16]. PathLength: 623.0
Solução 5: Path: [8, 4, 20, 19, 3, 17, 16]. PathLength: 361.0
Solução 6: Path: [8, 4, 20, 19, 9, 3, 17, 13, 16]. PathLength: 387.0
Solução 7: Path: [8, 5, 11, 8, 4, 20, 19, 3, 17, 16]. PathLength: 531.0
Solução 8: Path: [8, 5, 4, 20, 19, 9, 14, 13, 16]. PathLength: 445.0
Solução 9: Path: [8, 5, 0, 5, 0, 23, 12, 3, 17, 16]. PathLength: 534.0
Solução 10: Path: [8, 5, 0, 23, 12, 3, 17, 16]. PathLength: 414.0
Solução 11: Path: [8, 4, 20, 19, 3, 17, 16]. PathLength: 361.0
Solução 12: Path: [8, 11, 5, 4, 20, 19, 3, 17, 16]. PathLength: 484.0
Solução 13: Path: [8, 4, 20, 19, 3, 17, 16]. PathLength: 361.0
Solução 14: Path: [8, 5, 8, 4, 20, 19, 3, 17, 16]. PathLength: 473.0
Solução 15: Path: [8, 5, 4, 20, 19, 3, 17, 16]. PathLength: 426.0
Solução 16: Path: [8, 4, 20, 19, 3, 17, 16]. PathLength: 361.0
Solução 17: Path: [8, 5, 4, 20, 19, 3, 17, 16]. PathLength: 426.0
Solução 18: Path: [8, 4, 5, 4, 20, 19, 3, 17, 16]. PathLength: 463.0
Solução 19: Path: [8, 5, 0, 23, 15, 18, 3, 17, 16]. PathLength: 473.0
